a01  30.00  100.00  1 0  -1
a02  81.00  100.00  1 1  -1
a03  132.00  100.00  1 2  -1
a04  183.00  100.00  1 3  -1
a05  234.00  100.00  1 4  -1
b01  285.00  100.00  1 5  -1
b02  336.00  100.00  1 6  -1
b03  387.00  100.00  1 7  -1
b04  438.00  100.00  1 8  -1
b05  489.00  100.00  1 9  -1
c01  30.00  209.00  1  10  -1
c02  81.00  209.00  1  11  -1
c03  132.00  209.00  1  12  -1
c04  183.00  209.00  1  13  -1
c05  234.00  209.00  1  14  -1
d01  285.00  209.00  1  15  -1
d02  336.00  209.00  1  16  -1
d03  387.00  209.00  1  17  -1
d04  438.00  209.00  1  18  -1
d05  489.00  209.00  1  19  -1