a01 1.32 -2.45 0 0 -1
a02 3.99 -2.44 0 1 -1
a03 6.51 -2.48 0 2 -1
a04 1.35 -7.47 0 3 -1
a05 3.92 -7.48 0 4 -1
a06 6.59 -7.53 0 5 -1
a07 1.39 -18.54 0 6 -1
a08 3.97 -18.59 0 7 -1
a09 6.52 -18.57 0 8 -1
a10 1.32 -23.63 0 9 -1
a11 3.93 -23.59 0 10 -1
a12 6.57 -23.61 0 11 -1
a13 1.40 -34.66 0 12 -1
a14 3.95 -34.65 0 13 -1
a15 6.52 -34.62 0 14 -1
a16 1.35 -39.76 0 15 -1
a17 3.96 -39.71 0 16 -1
a18 6.54 -39.78 0 17 -1
a19 1.39 -50.72 0 18 -1
a20 3.94 -50.69 0 19 -1
a21 6.55 -50.79 0 20 -1
a22 1.34 -55.86 0 21 -1
a23 3.92 -55.82 0 22 -1
a24 6.56 -55.84 0 23 -1
a25 1.36 -66.88 0 24 -1
a26 3.99 -66.84 0 25 -1
a27 6.57 -66.90 0 26 -1
a28 1.30 -71.90 0 27 -1
a29 3.94 -71.90 0 28 -1
a30 6.59 -71.93 0 29 -1
a31 1.39 -82.94 0 30 -1
a32 3.93 -82.99 0 31 -1
a33 6.57 -82.96 0 32 -1
a34 1.36 -88.00 0 33 -1
a35 3.90 -88.02 0 34 -1
a36 6.55 -88.06 0 35 -1
a37 1.36 -99.01 0 36 -1
a38 3.99 -99.02 0 37 -1
a39 6.53 -99.08 0 38 -1
a40 1.33 -104.09 0 39 -1
a41 3.91 -104.10 0 40 -1
a42 6.57 -104.11 0 41 -1
a43 1.38 -115.14 0 42 -1
a44 4.00 -115.13 0 43 -1
a45 6.55 -115.13 0 44 -1
a46 1.34 -120.24 0 45 -1
a47 3.93 -120.28 0 46 -1
a48 6.59 -120.19 0 47 -1
a49 1.35 -131.21 0 48 -1
a50 4.01 -131.21 0 49 -1
a51 6.57 -131.25 0 50 -1
a52 1.30 -136.27 0 51 -1
a53 3.94 -136.35 0 52 -1
a54 6.64 -136.30 0 53 -1
a55 1.32 -147.40 0 54 -1
a56 4.00 -147.47 0 55 -1
a57 6.57 -147.42 0 56 -1
a58 1.29 -152.50 0 57 -1
a59 3.89 -152.46 0 58 -1
a60 6.60 -152.37 0 59 -1
a61 1.36 -163.56 0 60 -1
a62 3.91 -163.63 0 61 -1
a63 6.57 -163.64 0 62 -1
a64 1.30 -168.50 0 63 -1
a65 3.92 -168.54 0 64 -1
a66 6.62 -168.55 0 65 -1